25/11/2000;75,2;1,75
13/07/2002;67,5;1,63
03/02/2001;58,2;1,68
27/09/1998;95,3;1,93
23/07/2008;72,7;1,93
25/11/2000;75,2;1,75
13/07/2002;67,5;1,63
03/02/2001;58,2;1,68
27/09/1998;95,3;1,93
23/07/2008;72,7;1,93
25/11/2000;75,2;1,75
13/07/2002;67,5;1,63
03/02/2001;58,2;1,68
27/09/1998;95,3;1,93
23/07/2008;72,7;1,93
25/11/2000;75,2;1,75
13/07/2002;67,5;1,63
03/02/2001;58,2;1,68
27/09/1998;95,3;1,93
23/07/2008;72,7;1,93
25/11/2000;75,2;1,75
13/07/2002;67,5;1,63
03/02/2001;58,2;1,68
27/09/1998;95,3;1,93
23/07/2008;72,7;1,93
25/11/2000;75,2;1,75
13/07/2002;67,5;1,63
03/02/2001;58,2;1,68
27/09/1998;95,3;1,93
23/07/2008;72,7;1,93
25/11/2000;75,2;1,75
13/07/2002;67,5;1,63
03/02/2001;58,2;1,68
27/09/1998;95,3;1,93
23/07/2008;72,7;1,93
13/07/2002;67,5;1,63
03/02/2001;58,2;1,68
27/09/1998;95,3;1,93
23/07/2008;72,7;1,93
25/11/2000;75,2;1,75
13/07/2002;67,5;1,63
03/02/2001;58,2;1,68
27/09/1998;95,3;1,93
23/07/2008;72,7;1,93
25/11/2000;75,2;1,75
13/07/2002;67,5;1,63
03/02/2001;58,2;1,68
27/09/1998;95,3;1,93
23/07/2008;72,7;1,93
25/11/2000;75,2;1,75
13/07/2002;67,5;1,63
03/02/2001;58,2;1,68
27/09/1998;95,3;1,93
23/07/2008;72,7;1,93
25/11/2000;75,2;1,75
13/07/2002;67,5;1,63
03/02/2001;58,2;1,68
27/09/1998;95,3;1,93
23/07/2008;72,7;1,93
25/11/2000;75,2;1,75
13/07/2002;67,5;1,63
03/02/2001;58,2;1,68
27/09/1998;95,3;1,93
23/07/2008;72,7;1,93
25/11/2000;75,2;1,75
13/07/2002;67,5;1,63
03/02/2001;58,2;1,68
27/09/1998;95,3;1,93
23/07/2008;72,7;1,93
13/07/2002;67,5;1,63
03/02/2001;58,2;1,68
27/09/1998;95,3;1,93
23/07/2008;72,7;1,93
25/11/2000;75,2;1,75
13/07/2002;67,5;1,63
03/02/2001;58,2;1,68
27/09/1998;95,3;1,93
23/07/2008;72,7;1,93
25/11/2000;75,2;1,75
13/07/2002;67,5;1,63
03/02/2001;58,2;1,68
27/09/1998;95,3;1,93
23/07/2008;72,7;1,93
25/11/2000;75,2;1,75
13/07/2002;67,5;1,63
03/02/2001;58,2;1,68
27/09/1998;95,3;1,93
23/07/2008;72,7;1,93
25/11/2000;75,2;1,75
13/07/2002;67,5;1,63
03/02/2001;58,2;1,68
27/09/1998;95,3;1,93
23/07/2008;72,7;1,93
25/11/2000;75,2;1,75
13/07/2002;67,5;1,63
03/02/2001;58,2;1,68
27/09/1998;95,3;1,93
23/07/2008;72,7;1,93
25/11/2000;75,2;1,75
13/07/2002;67,5;1,63
03/02/2001;58,2;1,68
27/09/1998;95,3;1,93
23/07/2008;72,7;1,93
13/07/2002;67,5;1,63
03/02/2001;58,2;1,68
27/09/1998;95,3;1,93
23/07/2008;72,7;1,93
25/11/2000;75,2;1,75
13/07/2002;67,5;1,63
03/02/2001;58,2;1,68
27/09/1998;95,3;1,93
23/07/2008;72,7;1,93
25/11/2000;75,2;1,75
13/07/2002;67,5;1,63
03/02/2001;58,2;1,68
27/09/1998;95,3;1,93
23/07/2008;72,7;1,93
25/11/2000;75,2;1,75
13/07/2002;67,5;1,63
03/02/2001;58,2;1,68
27/09/1998;95,3;1,93
23/07/2008;72,7;1,93
25/11/2000;75,2;1,75
13/07/2002;67,5;1,63
03/02/2001;58,2;1,68
27/09/1998;95,3;1,93
23/07/2008;72,7;1,93
25/11/2000;75,2;1,75
13/07/2002;67,5;1,63
03/02/2001;58,2;1,68
27/09/1998;95,3;1,93
23/07/2008;72,7;1,93
25/11/2000;75,2;1,75
13/07/2002;67,5;1,63
03/02/2001;58,2;1,68
27/09/1998;95,3;1,93
23/07/2008;72,7;1,93
13/07/2002;67,5;1,63
03/02/2001;58,2;1,68
27/09/1998;95,3;1,93
23/07/2008;72,7;1,93
25/11/2000;75,2;1,75
13/07/2002;67,5;1,63
03/02/2001;58,2;1,68
27/09/1998;95,3;1,93
23/07/2008;72,7;1,93
25/11/2000;75,2;1,75
13/07/2002;67,5;1,63
03/02/2001;58,2;1,68
27/09/1998;95,3;1,93
23/07/2008;72,7;1,93
25/11/2000;75,2;1,75
13/07/2002;67,5;1,63
03/02/2001;58,2;1,68
27/09/1998;95,3;1,93
23/07/2008;72,7;1,93
25/11/2000;75,2;1,75
13/07/2002;67,5;1,63
03/02/2001;58,2;1,68
27/09/1998;95,3;1,93
23/07/2008;72,7;1,93
25/11/2000;75,2;1,75
13/07/2002;67,5;1,63
03/02/2001;58,2;1,68
27/09/1998;95,3;1,93
23/07/2008;72,7;1,93
25/11/2000;75,2;1,75
13/07/2002;67,5;1,63
03/02/2001;58,2;1,68
27/09/1998;95,3;1,93
23/07/2008;72,7;1,93
13/07/2002;67,5;1,63
03/02/2001;58,2;1,68
27/09/1998;95,3;1,93
23/07/2008;72,7;1,93
25/11/2000;75,2;1,75
13/07/2002;67,5;1,63
03/02/2001;58,2;1,68
27/09/1998;95,3;1,93
23/07/2008;72,7;1,93
25/11/2000;75,2;1,75
13/07/2002;67,5;1,63
03/02/2001;58,2;1,68
27/09/1998;95,3;1,93
23/07/2008;72,7;1,93
25/11/2000;75,2;1,75
13/07/2002;67,5;1,63
03/02/2001;58,2;1,68
27/09/1998;95,3;1,93
23/07/2008;72,7;1,93
25/11/2000;75,2;1,75
13/07/2002;67,5;1,63
03/02/2001;58,2;1,68
27/09/1998;95,3;1,93
23/07/2008;72,7;1,93
25/11/2000;75,2;1,75
13/07/2002;67,5;1,63
03/02/2001;58,2;1,68
27/09/1998;95,3;1,93
23/07/2008;72,7;1,93
25/11/2000;75,2;1,75
13/07/2002;67,5;1,63
03/02/2001;58,2;1,68
27/09/1998;95,3;1,93
23/07/2008;72,7;1,93